3084.58070002
3171.61273002
3284.69679002
3412.79175002
3598.87106002
3727.91365002
3855.97223002
3984.03081002
4112.12577002
4298.20508002
4401.21427002
4458.23573002
4587.27832002
4674.31035002
4805.35084002
4918.43490002
5021.44409002
5149.50267002
5220.53978002
5333.62384002
5432.69225002
5560.78721002
5707.85562002
5844.91453002
5957.99859002
6061.00778002
6247.08709002
6350.09628002
6437.12831002
6524.16034002
6710.23965002
6838.33461002
7001.39794002
7138.45685002
7235.50961002
7292.53107002
7420.62603002
7583.68936002
7769.76867002
7840.80578002
7937.85854002
8123.93785002
8237.02191002
8324.05394002
8395.09105002
8508.17511002
8565.19657002
8664.26498002
8811.33339002
8940.37598002
9103.43931002
9259.54042002
9387.59900002
9543.70011002
9671.79507002
9768.84783002
9896.94279002
10025.00137
10096.03848
10282.11779
10397.14473
10534.20364
10648.24657
10777.28916
10878.33684
11007.37943
11170.44276
11271.49044
11370.55885
11517.62726
11645.68584
11782.74475
11881.81316
12010.85575
12141.89624
12244.90543
12375.94592
12506.98641
12609.9956
12766.09671
12897.1372
13060.20053
13197.25944
13254.2809
13357.29009
13504.3585
13561.37996
13648.41199
13751.42118
13848.47394
13979.51443
14107.60939
14164.63085
14293.67344
14440.74185
14626.82116
14789.88449
14846.90595
14974.96453
15103.05949
